0.103385014 0.005766552 
0.014174295 0.077176741 
0.014174295 0.077176741 
0.103385014 0.005766552 
0.082974741 0.008660782 
0.063457626 0.012064022 
0.080963365 0.012035957 
0.050641768 0.014981256 
0.049030598 0.017623316 
0.061561041 0.014968287 
0.039594536 0.017634226 
0.029986153 0.020166011 
0.015756118 0.063882874 
0.03830319 0.020148878 
0.019707115 0.03986148 
0.018977638 0.04352086 
0.017366328 0.052749221 
0.018570218 0.045697129 
0.029315102 0.021749713 
0.018067228 0.048525472 
0.016141206 0.061022513 
0.081248272 0.011606141 
0.016374999 0.059349108 
0.02255567 0.028041733 
0.024557802 0.021803918 
0.017777893 0.050228173 
0.023260284 0.025688579 
0.021302428 0.032807208 
0.015203564 0.068233211 
0.016778068 0.056571717 
0.062562174 0.013421369 
0.016961115 0.055353285 
0.082974741 0.008660782 
0.02078452 0.034964726 
0.02024066 0.037364699 
0.023716663 0.024263142 
0.014380422 0.075292143 
0.022097912 0.029712963 
0.014962831 0.070222818 
0.014574887 0.073558127 
